523 	4.30 6.59	7512.0 9233.0
 
524 	7.96 4.21 	1389.0 1358.0

533 	6.66 5.02	5420.0 7693.0

536 	3.11 2.60	238.0 244.0

520 	4.78 6.97	6534.0 6738.0

535 	7.55 8.27	8743.0 8273.0

539 	7.46 3.02	7487.0 7658.0

539 	5.54 6.83	9213.0 9188.0

539 	8.93 5.43	8623.0 8565.0

534 	3.55 8.93	5534.0 5654.0

534 	3.14 4.16	3450.0 3561.0

523 	2.00 7.18	7760.0 7774.0

523 	2.81 7.51	9345.0 9143.0

529 	4.36 3.72	650.0 663.0

524 	1.25 1.77	4678.0 4575.0

520 	2.46 6.80	7523.0 7644.0

532 	5.39 8.36	9341.0 9678.0

534 	1.56 3.90	7560.0 7493.0

540 	8.14 7.34	1870.0 1942.0

521 	3.06 5.54	9987.0 9886.0

536 	1.71 1.07	1452.0 1795.0

529 	10.09 2.61	1232.0 1383.0

533 	6.48 5.30	6758.0 6651.0

535  	9.77 2.40	9573.0 6572.0

528 	7.84 4.12	6047.0 8290.0

524 	10.03 1.99	5564.0 5646.0

538 	7.31 8.40	8884.0 8442.0

526 	1.37 5.97	2738.0 4250.0

538 	8.20 5.34	425.0 363.0

534 	1.29 2.37	4833.0 4293.0

526 	4.64 6.04	1369.0 1547.0

540 	10.17 4.35	6899.0 6186.0

522 	1.31 7.26	4012.0 4400.0

535 	9.44 4.16	6736.0 9832.0

535 	2.97 3.34	7454.0 7189.0

530 	1.05 6.18	6972.0 5946.0

532 	3.14 2.95	9200.0 9880.0

533 	9.71 4.71	9656.0 9877.0

540 	3.55 5.34	8761.0 6013.0

524 	1.80 8.85	6445.0 3884.0

528 	10.93 7.76	5616.0 5427.0

538 	6.01 2.32	3973.0 3153.0

535  	1.44 7.83	8267.0 8552.0

524  	10.76 3.16	4722.0 3960.0

537 	9.53 8.30	1389.0 1359.0

530  	6.00 4.76	8989.0 9010.0

534  	4.44 7.94	9225.0 9741.0
 
537  	1.50 8.53	3312.0 3307.0

520  	1.33 2.91	3602.0 3693.0

533  	5.96 6.91	133.0 44.0

530  	10.04 3.50	6721.0 6611.0

520  	6.57 7.33	4307.0 3372.0

535  	8.23 8.10	9703.0 9663.0

528  	5.70 8.22	1564.0 1547.0

532  	1.42 2.19	3411.0 3656.0

522  	7.57 5.24	6169.0 6527.0
 
532  	4.64 5.69	8435.0 6264.0

538  	7.72 2.61	783.0 458.0

522  	8.40 2.47	3312.0 3307.0

532  	2.27 4.46	2671.0 2001.0

523  	4.66 6.58	7998.0 8076.0

528 	4.17 6.45	3312.0 3307.0

534 	3.54 2.27	8003.0 7681.0
